Indeksy
150076
157710
168096
179112
179216
179313
183598
183751
192268
193002
193427
203360
203369
212968
210451
211655
219311
220906
220988
221037
221063
183474
190688
199774
200746
202563
204816
205142
205681
211197
211611
211630
213417
213423
213425
215118
218587
221645
222329
222403
225773
226750
227597
227946
227947
227948
227949
227950
227951
227952
227953
227954
227955
227956
227957
227958
227959
227960
227961
227963
227964
227967
227968
227969
227970
227971
227972
227973
227974
227975
227976
227977
227978
227979
227980
227981
227982
227983
227984
227985
227986
227987
227988
227989
227990
227991
227992
227993
227994
227995
227996
227997
227998
227999
228000
228002
228003
228005
228006
228007
228008
228009
228010
228012
228013
228014
228015
228019
228020
228021
228022
228023
228024
228026
228027
228028
228029
228030
228031
228032
228033
228034
228035
228036
228037
228038
228040
228041
228042
228043
228044
228046
228048
228049
228050
228051
228052
228053
228054
228055
228056
228057
228058
228059
228060
228061
228062
228063
228064
228065
228066
228067
228068
228069
228071
228072
228073
228074
228075
228078
228079
228080
228081
228082
228083
228086
228087
228088
228089
228090
228091
228092
228093
228094
228096
228097
228098
228100
228101
228102
228103
228104
228105
228107
228108
228109
228110
228111
228112
228113
228114
228115
228117
228118
228120
228121
228122
228123
228124
228125
228127
228128
228129
228130
228131
228132
228133
228135
228136
228137
228138
228139
228140
228141
228142
228143
228144
228145
228146
228148
228149
228150
228151
228152
228154
228156
228157
228158
228159
228160
228161
228162
228163
228164
228165
228166
228167
228168
228169
228170
228171
228172
228173
228174
228175
228177
228179
228180
228181
228182
228183
228185
228415
230604
230984
231205
231208
231735
231737
231738
231739
231740
231743
231744
231745
231772
231847
231967
231976
231978
231987
231988
232000
232001
232002
232029
196865
209140
209924
211634
213876
218173
218290
218519
218970
225504
227080
227244
229721
229732
229755
230831
232492
232493